436
497
484
116
339
194
400
163
166
480
109
185
54
271
165
215
282
422
318
169
25
265
256
81
68
426
339
246
26
58
241
447
14
274
203
465
265
473
3
428
186
201
351
256
395
168
403
91
330
388
352
334
356
198
146
291
493
251
116
275
156
455
350
424
447
148
222
304
435
237
244
46
6
314
242
208
403
360
87
493
78
123
109
234
187
358
199
304
500
323
176
414
101
61
316
189
279
63
241
121
17
120
1
148
167
221
322
175
99
10
162
233
180
419
333
152
46
99
37
86
31
483
396
480
77
29
222
238
64
62
424
66
177
81
217
232
158
203
105
95
247
90
65
316
430
417
367
269
118
493
315
452
255
257
435
44
253
397
330
222
97
307
382
226
383
370
431
361
245
216
209
158
73
258
38
111
449
421
455
21
371
137
60
269
113
80
476
298
382
439
147
429
338
139
295
421
3
473
329
322
224
222
301
155
186
257
463
303
475
104
340
404
37
123
258
447
487
487
23
21
82
58
326
182
113
282
431
13
39
405
107
142
51
371
33
323
387
403
114
341
455
119
436
75
47
385
79
371
103
467
110
258
452
55
104
280
296
304
75
167
139
190
322
455
103
334
222
224
289
59
237
128
101
74
433
320
265
200
61
186
48
498
211
228
96
368
63
265
344
342
405
92
396
129
253
138
200
227
251
31
386
78
434
212
498
292
373
76
106
180
215
453
481
23
416
97
267
404
385
25
79
173
433
396
206
209
153
313
207
204
124
29
474
166
184
131
14
127
279
487
343
288
500
28
471
377
183
274
457
350
456
179
427
48
425
391
111
334
281
240
35
374
268
382
273
20
67
462
313
419
211
107
302
177
191
232
80
430
29
331
4
219
20
88
359
332
262
397
196
485
23
494
453
35
256
66
150
380
103
54
69
331
352
337
49
304
182
199
134
38
144
352
402
213
413
464
5
106
26
311
358
85
465
32
76
421
344
343
316
445
443
406
150
443
406
497
294
497
63
142
301
105
352
190
77
401
365
255
140
95
199
231
366
115
334
401
196
122
466
440
8
379
366
253
86
97
396
264
456
345
248
323
248
142
295
162
325
185
134
108
25
487
86
373
276
235
109
134
301
433
139
278
418
223
227
488
80
294
36
390
70
282
408
32
321
282
351
153
329
457
213
269
367
453
491
389
78
209
346
121
411
351
159
85
315
474
325
312
152
166
203
121
393
52
468
271
480
200
51
11
181
246
453
450
348
200
78
410
279
373
31
177
382
295
376
212
113
350
284
377
497
283
266
41
82
86
354
13
458
361
494
329
186
56
288
1
302
6
86
374
298
461
14
242
133
129
153
339
225
229
201
194
273
355
296
472
326
139
61
328
109
440
17
268
9
399
189
38
60
485
293
474
20
161
481
100
289
11
387
146
236
271
139
45
342
311
399
1
368
54
116
463
439
462
155
188
371
22
173
445
6
410
265
29
437
383
367
259
460
241
234
7
10
259
479
397
152
500
202
137
166
90
475
285
62
363
344
174
468
356
11
443
59
161
211
346
22
340
26
373
391
236
312
274
44
252
312
225
431
256
495
188
20
402
354
55
133
464
87
312
172
253
435
278
334
188
135
214
371
329
407
222
481
334
258
239
126
16
403
398
268
384
244
376
98
336
125
58
192
283
200
339
247
290
237
468
218
178
256
146
13
421
86
101
252
149
150
59
324
422
263
479
136
349
150
357
307
324
208
231
89
250
200
26
374
337
60
485
398
18
487
234
100
373
96
87
320
34
428
158
147
47
496
236
374
364
434
220
340
306
219
92
307
358
317
204
380
101
244
103
343
350
31
144
5
497
324
258
40
64
209
146
9
1
413
299
490
313
1
332
273
74
349
184
491
480
230
187
204
5
119
164
254
261
29
258
67
108
212
306
476
245
463
129
111
301
65
419
408
53
402
67
16
338
284
117
350
396
69
9
314
59
131
172
214
493
121
123
210
494
418
254
174
272
269
190
435
291
153
124
389
387
260
18
440
419
397
491
203
218
416
334
115
144
202
373
27
345
234
407
33
394
13
14
424
254
461
305
450
185
319
95
51
432
42
270
179
47
123
229
137
114
234
200
442
56
159
277
424
333
474
179
301
339
496
498
420
497
229
256
475
491
348
231
403
157
153
227
431
269
422
498
298
20
442
494
267
412
20
232
231
142
266
299
425
451
283
201
189
412
163
201
314
198
109
70
109
357
224
293
104
119
496
195
43
283
65
353
121
92
416
150
292
106
446
242
129
150
299
472
241
147
342
386
445
99
52
272
213
140
325
236
116
66
299
370
256
9
305
242
33
155
497
482
182
495
138
270
22
179
433
474
464
380
491
55
90
428
161
129
7
51
318
111
187
100
337
167
219
344
485
312
2
397
316
405
35
39
178
285
298
470
317
25
295
309
152
166
357
487
111
253
140
85
416
428
163
497
145
323
152
261
171
144
131
166
361
19
237
393
320
350
309
300
499
110
357
428
189
80
350
241
50
282
92
283
277
9
296
219
119
471
377
305
263
332
220
105
57
9
466
431
365
165
452
492
470
92
360
320
85
270
51
164
168
133
402
157
66
349
196
316
437
34
356
210
124
51
235
220
412
158
234
462
258
130
493
70
333
312
163
190
161
352
87
403
390
96
436
240
46
482
362
447
354
423
143
310
149
371
398
401
468
101
341
177
208
151
281
176
23
465
186
331
446
458
3
453
138
345
308
30
209
313
64
217
211
143
308
143
352
201
279
340
477
493
182
337
338
160
169
416
298
418
14
323
179
279
177
119
339
274
495
299
377
459
216
415
480
248
219
442
303
190
259
13
479
3
339
347
285
43
343
44
270
231
157
231
98
433
235
466
55
122
405
306
169
480
243
170
445
303
204
51
412
274
35
157
176
242
393
311
59
136
223
154
110
283
105
187
488
276
414
172
46
381
375
43
401
2
223
440
254
27
131
482
375
379
15
263
400
464
226
64
321
487
394
469
97
214
277
487
436
215
90
244
46
263
207
288
464
67
341
499
100
224
244
282
59
102
199
475
444
331
153
450
39
149
412
32
74
349
33
169
69
485
17
50
244
319
500
417
406
291
165
10
442
286
204
261
235
84
353
368
208
474
15
280
209
410
159
1
93
116
231
392
251
220
5
343
205
87
429
336
211
360
107
22
86
24
331
347
418
348
463
10
94
105
105
493
265
341
65
75
67
411
360
451
427
78
9
488
175
287
347
398
300
328
355
115
350
194
341
63
275
44
205
325
178
490
157
303
499
469
231
485
5
225
135
54
466
372
6
382
388
228
299
240
365
123
130
175
465
113
306
299
338
260
311
398
447
328
109
193
230
400
38
82
340
18
223
448
228
257
389
447
109
183
366
72
2
416
461
9
375
147
499
178
108
9
140
360
229
17
149
345
270
248
46
479
317
117
324
467
337
331
201
99
366
165
248
232
170
213
315
340
305
13
61
302
409
431
31
181
29
128
9
42
165
377
201
159
357
475
29
194
241
412
10
281
368
421
294
500
480
104
496
304
440
77
474
59
135
447
244
429
386
314
358
318
12
233
486
110
25
33
123
14
436
101
295
28
186
211
257
267
63
414
487
342
271
156
94
192
415
213
173
375
397
208
37
325
444
167
40
197
500
22
135
338
79
26
90
395
92
107
320
84
365
151
132
254
449
5
28
488
53
382
206
440
330
220
70
384
122
415
261
350
258
87
489
154
304
88
341
76
338
94
58
141
385
210
382
80
373
28
286
434
74
108
214
146
16
435
149
47
345
7
271
448
254
385
90
41
391
60
190
176
376
352
498
156
56
213
360
41
72
101
491
311
242
458
8
16
173
477
258
73
494
330
8
274
273
352
307
459
264
9
280
112
412
100
201
247
47
171
466
77
343
267
2
266
190
182
303
219
138
60
481
416
21
376
126
224
500
114
469
455
330
357
446
320
209
165
356
345
415
141
376
205
286
133
19
482
95
348
189
494
281
261
196
345
27
200
61
263
176
414
436
181
81
269
19
387
75
146
200
179
123
241
360
362
296
438
116
52
75
8
42
356
425
303
141
190
367
478
197
470
468
414
158
487
35
407
94
310
149
81
292
128
312
461
257
313
382
438
305
390
367
427
136
390
74
299
371
179
198
69
175
459
403
105
237
34
303
469
33
212
331
33
163
225
230
99
1
479
251
407
60
63
52
184
253
309
214
59
455
98
484
34
363
448
62
369
440
36
403
374
134
251
267
275
117
498
326
7
488
296
155
69
213
262
262
175
269
468
463
64
167
266
32
437
102
190
412
118
12
167
16
377
423
9
471
459
469
348
64
317
53
111
375
82
121
143
319
28
420
32
261
496
304
291
387
178
246
459
17
43
192
280
204
420
28
498
69
281
495
189
21
351
424
121
498
251
292
347
113
218
315
101
375
484
98
231
122
184
376
461
313
109
155
54
33
304
464
379
370
74
317
380
291
370
179
473
40
183
159
282
142
240
280
268
370
266
308
437
46
182
270
107
271
340
332
34
330
282
161
246
495
236
112
412
188
124
10
94
109
49
255
222
27
239
296
166
229
107
457
298
104
420
75
284
180
225
152
494
376
325
423
65
128
240
460
470
157
31
252
136
226
272
116
409
370
306
235
362
143
384
149
237
89
463
453
284
463
95
403
452
322
249
466
325
301
167
229
40
262
170
4
476
37
483
91
115
235
296
89
250
282
318
252
168
49
477
287
309
196
483
379
163
199
253
464
223
7
412
104
499
284
436
71
163
162
337
209
443
256
168
111
416
32
282
75
474
67
302
479
193
277
262
39
224
493
482
131
465
227
18
50
229
439
107
102
467
347
283
97
110
201
365
326
388
295
500
356
339
25
426
487
15
398
174
232
230
154
176
454
294
104
412
106
42
365
451
122
264
144
16
421
467
126
335
421
118
31
57
393
444
194
335
276
53
55
483
373
466
389
457
18
296
81
137
174
478
48
484
402
434
111
5
114
26
103
188
483
155
356
164
44
68
399
471
317
87
70
392
3
39
47
472
99
64
482
221
443
391
44
497
427
430
342
228
88
101
450
328
337
128
376
484
320
487
183
8
250
437
318
286
61
13
2
194
183
415
172
183
214
302
138
116
490
405
46
208
193
336
15
125
6
230
481
189
14
33
46
128
489
81
495
286
99
283
280
218
208
245
431
251
64
471
26
286
69
352
442
286
351
427
355
74
152
492
170
79
133
349
192
457
65
426
321
453
379
165
65
12
261
198
163
364
254
278
46
80
63
481
229
56
425
289
52
434
434
132
84
445
476
165
78
371
113
163
236
438
424
139
251
460
464
67
76
26
311
223
465
44
234
119
151
198
364
297
472
37
164
326
183
308
451
82
282
399
54
230
252
146
212
43
431
359
411
86
87
416
3
479
177
292
448
494
144
479
204
442
473
252
459
346
150
254
84
494
441
230
456
484
130
318
209
456
426
33
166
386
345
480
490
135
435
388
82
167
467
341
366
147
318
272
280
74
269
70
89
391
321
472
392
305
125
4
253
13
41
231
205
201
347
316
414
21
95
476
67
484
46
28
32
148
56
310
282
379
26
36
213
207
371
332
108
377
499
29
444
321
46
146
330
377
269
197
8
439
332
79
430
455
159
47
256
158
500
16
355
308
145
28
51
290
62
360
2
55
467
341
275
72
162
53
72
255
334
360
152
287
299
35
378
450
195
282
444
136
464
213
414
270
440
228
357
149
237
286
304
255
317
375
62
180
313
495
284
458
479
113
243
27
453
262
134
404
134
265
440
37
200
348
122
240
51
299
89
131
123
366
90
68
347
1
69
457
4
214
34
481
83
324
326
271
340
24
365
119
245
49
304
238
42
323
441
377
203
166
70
282
299
428
282
115
169
304
471
113
313
307
354
96
435
112
122
36
433
379
378
153
500
429
380
160
37
194
15
212
300
439
150
58
38
21
226
459
221
155
431
7
162
67
391
125
333
256
291
27
54
29
448
118
329
243
474
78
494
333
159
494
308
402
349
35
490
478
137
48
185
346
360
473
347
170
433
500
365
61
160
369
122
65
206
217
499
232
153
403
245
472
379
338
35
318
353
174
40
459
302
269
483
127
79
211
43
421
227
258
489
168
356
99
152
60
113
366
205
156
30
116
163
385
324
383
154
118
156
174
33
460
401
126
124
424
36
397
299
447
218
184
452
454
166
183
54
130
350
161
237
257
119
74
402
265
479
460
344
287
480
186
214
384
36
59
287
179
349
139
93
299
362
14
205
500
480
63
8
476
334
37
136
258
269
41
239
86
235
137
163
467
477
19
147
119
443
36
319
220
203
249
351
290
258
344
275
207
136
400
44
62
312
224
213
383
432
253
249
210
106
167
122
12
371
21
201
332
7
16
429
496
64
209
468
346
443
429
144
22
119
476
417
441
113
8
335
272
64
183
474
427
409
340
430
312
326
328
78
294
165
356
172
163
231
468
64
301
122
415
15
249
90
176
472
128
481
485
466
308
313
155
379
286
134
114
368
70
176
57
128
150
228
342
22
231
199
50
384
321
468
348
138
16
28
335
176
93
53
180
13
238
19
370
196
481
283
337
238
303
304
482
91
366
86
42
145
205
187
366
406
241
355
373
235
354
434
495
404
334
489
60
267
137
243
204
107
68
135
426
54
87
83
475
91
34
359
182
319
24
406
160
423
93
269
376
362
326
293
35
14
58
15
141
28
357
464
348
339
180
478
442
57
210
285
464
325
283
233
251
195
71
340
103
228
299
396
43
139
126
311
398
35
325
349
344
215
247
409
278
155
365
267
421
147
58
108
334
87
427
419
436
324
316
429
273
270
272
271
185
300
155
76
319
293
170
412
411
438
39
2
23
183
126
466
315
376
52
85
104
164
276
247
166
206
154
252
419
465
143
363
366
123
405
38
496
445
21
246
111
299
102
455
264
284
8
270
354
280
192
168
343
257
136
340
197
64
464
223
214
443
273
239
474
136
254
103
272
240
336
138
165
410
112
222
224
399
264
282
256
10
453
299
154
274
499
76
385
131
371
162
334
394
294
50
215
103
114
499
63
474
70
20
293
445
409
326
389
75
57
174
47
71
424
405
391
239
456
81
333
441
319
249
19
333
9
476
492
169
290
110
273
131
267
102
106
386
72
417
322
247
46
314
29
466
472
476
487
404
213
189
236
201
70
146
280
103
462
68
58
10
342
168
437
42
159
399
240
374
155
336
328
493
260
204
456
314
298
12
398
54
301
331
186
8
208
47
407
477
252
491
328
132
275
9
165
355
89
105
361
71
145
76
71
188
316
406
373
386
472
459
287
279
306
475
417
374
202
208
169
330
165
43
50
443
244
274
34
7
214
187
467
474
222
155
167
32
71
460
43
82
265
330
31
162
443
14
120
211
394
278
52
352
226
302
94
349
365
142
176
7
469
464
291
274
416
110
307
178
495
273
298
264
217
146
419
76
50
203
235
5
454
395
10
139
397
412
260
457
265
348
139
102
463
279
256
110
239
259
75
374
471
401
76
339
499
134
426
364
244
466
389
4
421
208
42
95
245
18
326
439
156
223
28
17
232
53
371
86
414
425
119
490
435
279
407
468
183
410
284
335
317
152
64
63
409
461
353
7
355
357
439
103
157
44
470
162
431
69
424
393
323
169
367
261
104
154
498
86
97
261
126
319
165
251
109
475
342
266
171
365
462
162
230
425
274
329
366
404
281
169
495
130
429
249
28
59
108
407
446
167
92
150
494
414
371
41
66
320
128
156
174
229
428
106
466
305
410
247
336
403
272
158
396
321
121
26
417
190
473
346
163
349
124
236
294
482
431
326
443
303
123
459
440
280
260
343
352
204
316
388
194
443
488
157
100
383
110
281
270
266
133
375
63
459
365
247
157
156
364
259
260
9
275
230
496
221
229
4
233
406
145
451
210
451
415
122
268
162
321
488
128
428
101
83
252
446
146
188
334
317
7
84
47
355
112
215
39
8
27
86
121
181
401
481
127
192
25
327
139
6
111
81
52
119
4
234
149
244
379
113
199
151
138
54
335
139
190
9
442
428
49
232
318
435
320
19
38
151
111
478
375
475
263
256
61
177
94
203
404
396
327
302
255
219
185
51
219
300
303
315
35
438
62
118
482
52
145
366
334
494
492
77
10
165
21
489
352
67
221
317
105
55
67
66
174
319
86
178
159
352
238
349
259
77
393
172
291
440
476
334
155
105
375
273
440
446
292
24
339
64
452
29
39
465
237
470
343
469
90
245
390
479
84
318
309
85
53
172
420
341
24
202
166
175
460
45
467
195
173
442
430
399
289
329
224
224
457
452
131
192
217
71
435
32
406
384
113
330
485
449
362
289
100
438
356
260
268
291
59
81
394
476
230
97
230
141
340
126
293
177
279
272
194
41
246
246
377
307
44
474
139
164
416
218
9
213
378
375
207
31
201
47
170
2
424
477
95
154
48
25
250
50
161
144
8
394
102
26
110
333
343
334
70
218
164
452
291
366
6
227
487
431
69
111
319
138
403
296
450
297
85
497
301
233
332
174
466
129
121
249
203
63
303
141
211
169
277
251
130
313
222
459
122
274
479
282
160
321
430
163
379
216
350
238
213
315
371
312
344
158
171
332
282
251
16
87
132
9
233
270
284
255
253
12
183
441
157
401
134
105
101
248
372
241
189
70
416
225
440
479
388
57
479
480
488
372
335
331
219
74
406
441
298
493
364
45
309
168
279
382
10
175
284
312
267
59
266
59
48
482
76
302
348
196
496
185
334
51
471
187
23
466
427
427
154
83
370
239
330
321
304
295
175
367
198
358
52
258
467
7
327
317
40
343
485
428
378
205
450
325
47
381
367
333
469
360
121
499
306
175
185
266
458
47
373
422
30
274
280
247
239
311
357
472
315
372
449
79
13
274
149
467
480
456
437
99
52
231
40
346
386
374
232
42
132
13
346
79
286
19
348
94
271
333
154
384
320
485
193
31
340
247
363
426
251
214
22
183
248
236
278
431
333
289
5
42
5
394
268
238
490
152
168
37
437
122
220
272
472
371
242
97
326
118
372
187
365
217
358
264
373
260
383
322
195
251
229
278
499
119
203
293
125
272
409
63
147
405
50
242
296
381
39
500
229
302
342
207
489
475
325
316
418
18
352
187
427
37
384
162
321
316
217
91
246
428
349
21
346
105
419
341
217
363
13
251
90
434
373
397
179
496
86
88
161
325
79
445
469
460
499
199
206
176
136
26
221
116
279
458
126
361
103
283
422
458
26
53
37
384
437
158
311
70
267
438
366
452
461
164
29
416
271
62
166
117
297
144
336
62
434
428
326
365
396
382
375
190
141
241
42
91
13
362
324
206
179
192
444
281
133
484
142
141
67
148
492
182
202
56
318
430
40
306
301
465
400
139
176
127
398
109
381
299
464
458
142
279
419
198
298
499
453
20
358
489
329
397
472
215
5
56
298
413
160
331
84
173
116
115
493
254
349
16
405
288
250
485
63
10
314
434
457
409
187
113
440
191
338
60
31
332
357
26
192
224
36
389
388
408
399
418
4
146
241
4
359
51
140
138
359
196
201
237
341
142
244
469
400
150
292
402
12
355
371
227
206
407
358
157
422
133
114
441
287
244
360
486
386
20
426
213
89
349
69
49
343
188
305
253
236
190
270
497
286
381
319
490
376
372
369
319
308
34
178
423
76
415
260
484
419
60
462
287
155
168
464
26
86
466
316
248
94
429
237
166
103
22
170
235
370
434
364
146
130
480
106
151
275
489
481
257
439
491
106
205
57
26
439
362
217
44
287
258
30
316
132
1
105
293
425
159
174
416
131
292
248
253
242
455
362
45
274
98
248
33
192
36
62
277
180
74
174
110
252
216
159
276
178
126
209
7
480
321
9
460
365
238
181
302
21
488
398
92
54
490
456
316
386
4
358
149
51
138
332
58
255
111
293
11
420
486
378
322
91
136
207
383
268
38
115
409
435
454
364
211
484
323
25
430
424
137
467
21
350
371
426
70
336
370
436
244
313
459
484
428
84
68
250
497
353
426
125
23
265
287
422
202
26
111
175
416
378
477
24
110
175
250
202
78
470
459
472
31
431
446
492
230
61
338
469
406
405
28
487
415
500
459
79
134
192
420
1
461
297
60
390
353
266
430
432
318
128
8
291
342
141
451
10
350
462
259
22
173
333
168
348
213
344
185
106
271
200
428
371
19
117
126
105
123
46
345
167
116
300
69
151
254
2
447
256
276
478
255
478
228
224
423
385
140
48
421
304
316
47
377
319
165
79
418
309
478
457
4
239
203
192
215
49
420
372
304
398
146
105
323
189
252
129
133
67
185
240
419
82
336
97
102
282
348
360
172
252
353
361
70
59
228
156
354
7
212
276
406
270
443
157
86
183
170
83
359
156
325
211
185
141
229
59
429
111
38
471
440
472
287
430
8
269
77
446
264
362
240
244
68
3
90
460
460
49
298
409
461
262
449
184
287
403
455
7
330
237
335
490
28
119
244
162
240
78
47
170
310
438
396
82
221
4
168
468
283
332
81
294
155
111
270
21
14
85
488
364
469
211
49
64
251
358
169
13
336
340
271
236
117
55
328
213
372
36
16
7
290
201
350
156
2
352
152
349
151
496
17
435
275
173
322
257
390
304
222
233
19
246
55
322
443
389
9
357
22
123
91
424
157
74
14
212
238
74
339
17
9
171
57
351
114
156
226
464
343
403
488
302
293
283
436
28
47
247
220
59
435
358
16
139
107
252
394
194
441
231
243
1
431
83
305
407
163
242
48
43
380
145
422
49
213
369
226
277
465
327
133
422
466
92
490
357
211
213
481
119
54
411
383
445
122
243
256
43
130
286
160
9
90
125
91
378
467
477
483
409
21
109
361
296
357
166
262
45
346
153
282
30
20
166
216
141
303
388
87
43
8
152
247
425
415
304
466
297
357
296
146
401
346
414
379
330
309
219
107
76
198
163
177
213
157
81
183
150
258
147
474
138
394
431
160
154
414
474
405
450
292
16
340
393
269
459
337
334
366
457
220
193
24
474
479
34
314
351
443
337
485
3
133
470
268
12
402
70
131
385
301
482
233
454
380
389
166
244
67
424
208
81
312
394
363
398
475
451
272
288
106
442
486
242
484
295
157
178
280
69
72
79
428
329
470
362
127
413
441
344
14
412
122
115
402
485
98
320
497
245
403
61
411
195
343
219
228
466
156
278
72
50
171
294
77
186
362
75
483
144
198
310
366
35
407
137
206
163
171
436
356
192
76
485
3
449
169
204
137
260
476
83
387
195
374
314
361
387
223
344
303
1
108
117
33
243
60
112
37
322
295
36
43
237
424
418
88
428
349
261
161
48
158
277
219
274
26
421
370
452
207
59
216
78
404
354
415
380
233
128
11
463
353
113
480
187
45
219
270
81
282
433
288
223
203
139
297
89
218
112
461
12
485
326
114
273
296
39
429
63
36
353
35
364
382
427
324
460
38
287
382
43
411
175
121
494
292
249
209
323
159
161
158
287
124
369
40
132
368
393
457
331
365
290
347
57
496
154
166
117
97
378
392
154
453
272
444
263
31
438
464
409
106
429
39
273
166
308
410
97
85
98
230
179
205
305
472
97
490
216
102
258
231
258
118
279
331
287
132
192
17
125
99
323
142
376
4
15
189
256
4
34
496
70
80
466
209
300
296
259
31
39
18
51
425
347
399
418
101
311
102
161
173
100
479
443
74
130
232
414
226
200
395
109
135
293
112
64
211
20
33
411
235
270
331
28
241
124
35
467
91
243
112
41
78
495
104
443
418
103
375
330
61
354
120
134
151
121
421
22
298
52
248
376
432
405
458
130
407
142
203
243
37
92
235
210
100
199
22
399
150
25
474
465
291
323
383
409
103
170
223
373
219
264
171
259
404
485
262
137
140
245
416
23
374
1
9
52
28
22
10
47
260
215
495
369
489
455
129
322
367
180
461
310
388
436
331
120
267
277
124
18
284
346
428
379
413
280
259
391
333
37
55
130
399
371
373
191
131
279
272
63
112
459
68
150
351
457
7
274
221
392
433
221
380
90
471
354
203
216
162
480
299
390
432
68
363
396
272
445
431
175
74
33
209
398
45
328
345
109
325
210
447
365
13
366
188
76
10
294
119
211
497
83
351
500
410
43
341
130
296
300
96
161
22
192
48
458
409
30
78
44
116
41
360
417
98
254
221
44
292
146
212
66
364
167
409
49
239
163
265
15
125
488
83
428
389
346
97
252
271
87
315
29
11
271
347
158
222
62
79
13
216
348
62
193
155
411
174
24
325
245
250
142
160
319
52
369
400
414
44
147
79
217
322
274
184
229
174
418
265
303
45
357
304
49
430
169
458
104
19
244
282
464
388
2
51
495
292
209
55
484
308
116
484
35
175
486
103
277
345
176
87
136
54
233
50
39
391
407
202
56
138
170
266
174
50
377
51
478
112
95
375
438
370
51
381
33
104
250
8
181
459
199
261
127
6
258
258
198
329
82
463
441
176
240
450
351
284
295
244
287
125
195
102
19
134
489
384
235
97
231
274
275
420
289
230
54
113
100
338
285
205
337
18
494
39
449
406
97
177
172
271
360
230
306
85
458
9
430
110
161
346
27
345
186
438
139
291
17
82
24
41
137
93
115
394
355
365
179
465
116
445
102
319
427
420
385
419
99
182
231
177
4
28
474
2
348
476
350
347
23
413
371
311
346
123
350
362
238
388
247
139
104
75
67
15
74
468
397
9
189
18
219
444
149
246
395
431
256
143
354
157
261
81
142
275
125
111
307
113
38
25
297
100
175
323
48
155
468
426
34
479
122
361
412
207
257
299
264
4
150
133
40
8
30
103
118
359
327
275
430
454
375
242
301
287
228
49
370
485
470
440
218
41
186
7
193
320
217
181
161
371
440
128
367
367
425
487
410
497
108
232
172
437
410
418
41
450
119
134
338
48
134
320
341
495
482
58
94
208
455
424
440
289
301
117
27
192
412
366
122
79
352
117
21
436
44
174
87
450
461
435
137
487
200
493
220
206
456
235
354
454
252
49
476
9
419
132
464
178
391
108
397
483
466
252
126
50
107
222
281
113
151
283
286
238
82
171
500
5
265
350
6
417
130
381
291
187
428
239
69
289
460
163
219
96
293
487
242
317
441
379
493
294
21
221
197
203
297
289
479
435
44
494
141
445
211
164
186
434
317
241
151
209
263
406
390
140
390
229
96
126
76
208
116
224
392
387
336
150
467
42
30
301
385
270
388
16
461
309
325
135
255
383
217
269
72
194
293
191
292
481
32
289
319
86
234
255
325
36
35
404
435
349
290
438
110
481
261
441
31
273
91
112
116
300
372
50
319
499
424
71
80
488
184
92
239
118
181
241
481
72
214
184
287
398
183
451
137
243
96
13
398
355
104
341
288
452
470
156
294
393
116
377
414
143
158
84
422
329
154
105
68
212
353
373
490
421
253
272
478
489
489
93
484
53
226
303
61
180
348
485
151
283
359
438
235
369
105
160
148
462
375
44
39
414
84
370
257
226
24
159
263
260
141
394
71
375
285
192
23
277
463
225
397
407
166
74
12
381
317
207
312
385
25
471
345
230
474
492
423
470
36
108
73
165
161
318
165
461
351
135
183
402
429
57
56
263
119
294
429
98
211
355
345
143
219
401
449
451
278
187
156
96
204
231
424
10
252
426
293
74
30
101
328
136
385
426
179
195
128
47
103
280
217
435
213
164
439
415
243
210
400
230
474
232
220
72
413
316
158
77
364
63
285
485
121
157
190
205
287
321
230
216
260
223
140
240
467
462
140
347
303
314
325
58
436
385
219
173
470
241
368
114
184
429
17
346
20
342
161
495
141
464
115
171
227
116
414
402
77
192
313
50
177
103
72
229
65
209
384
385
55
103
184
404
437
74
121
66
249
242
80
244
218
491
466
303
392
43
271
175
309
305
486
39
412
128
254
374
414
92
382
193
409
375
128
46
230
26
485
254
105
209
434
492
275
141
494
37
132
354
111
199
243
475
23
230
86
202
24
188
140
126
32
93
326
139
464
302
53
479
456
309
8
54
435
82
100
390
413
62
435
210
444
412
343
323
170
105
149
112
278
448
496
366
9
168
247
115
472
474
59
308
40
257
394
349
347
366
485
64
463
282
67
256
10
46
367
305
398
372
129
119
399
213
192
381
240
157
207
423
469
164
92
92
391
438
445
131
390
453
173
134
147
28
205
345
239
83
241
186
468
351
209
86
371
135
346
213
282
152
243
250
16
18
179
152
161
435
255
451
219
158
478
245
154
131
397
62
270
403
369
302
182
340
155
70
189
47
492
188
467
326
356
184
13
431
481
118
207
340
494
303
357
248
135
81
239
199
41
394
5
376
434
378
425
288
31
60
462
350
206
484
409
159
188
290
500
78
286
474
392
247
59
172
216
262
37
188
470
268
292
76
241
399
431
263
23
362
60
375
252
185
27
49
440
204
145
417
341
183
94
118
256
333
182
139
90
347
28
22
199
168
7
3
326
411
148
387
341
25
426
17
433
369
175
292
306
369
138
249
311
318
110
207
361
61
139
70
120
110
458
149
275
353
174
395
375
73
345
308
96
93
232
136
263
215
35
266
262
299
382
225
490
482
372
418
65
444
284
429
186
154
334
326
260
93
336
219
218
218
41
282
278
262
40
258
24
150
179
317
26
478
414
312
486
134
376
59
129
64
12
201
425
281
453
310
52
368
24
276
89
268
448
350
295
83
285
107
72
380
415
353
200
230
62
405
75
274
292
416
327
337
181
296
491
382
122
367
74
122
402
68
43
246
342
122
271
319
73
255
417
215
229
500
223
482
227
329
460
78
287
432
11
10
65
130
347
482
214
281
340
51
87
282
35
11
222
248
41
317
149
271
230
448
67
322
195
208
249
99
218
264
187
476
128
227
270
382
500
325
90
450
248
487
166
291
117
70
324
128
209
275
86
497
456
253
159
495
208
375
254
21
290
298
81
242
237
427
27
142
149
371
411
102
486
284
383
197
246
29
421
131
83
186
29
52
252
289
369
460
355
143
329
54
2
35
285
60
59
182
158
385
292
258
127
441
13
353
191
95
408
267
432
461
452
156
131
357
186
500
244
443
226
38
100
197
240
211
429
240
249
365
48
349
378
45
8
62
199
235
141
118
20
422
452
53
155
269
432
410
243
408
451
495
167
471
78
315
262
392
204
315
162
79
218
316
124
195
423
227
378
495
78
183
81
211
202
18
451
226
137
263
471
423
306
360
214
110
410
329
486
239
78
283
383
169
269
172
482
432
158
228
301
485
314
337
278
92
42
124
311
96
312
221
368
407
143
306
190
488
399
322
219
398
193
251
273
159
43
233
223
411
32
384
26
211
272
49
400
484
17
322
406
339
411
82
205
385
339
133
279
96
274
125
91
91
21
187
286
62
216
137
491
432
310
130
486
481
468
213
459
353
403
355
496
451
467
273
86
171
226
148
27
271
410
379
10
254
495
164
469
412
407
343
244
392
158
264
362
295
316
500
159
318
239
124
46
138
149
290
476
407
125
72
286
18
30
197
210
309
269
311
347
421
342
295
63
167
324
122
174
365
257
131
381
280
70
144
153
331
94
490
380
481
245
427
255
38
115
357
231
374
398
40
393
151
351
457
338
241
130
498
147
321
311
353
94
255
448
480
337
463
483
363
275
81
241
397
214
278
364
351
370
180
136
84
485
303
239
409
416
146
333
290
39
256
20
295
246
460
456
29
473
435
355
318
78
368
55
120
274
362
182
478
417
81
466
77
416
381
343
396
179
303
62
49
453
345
62
121
303
173
494
391
25
411
396
89
403
150
194
66
124
305
302
68
248
282
344
363
460
293
282
27
238
136
164
342
232
67
409
488
261
451
128
279
489
10
166
199
463
293
58
69
300
472
121
48
59
451
39
467
93
125
92
304
416
216
59
106
317
265
202
463
214
409
188
296
418
128
374
119
337
437
285
336
134
442
464
461
46
89
290
410
494
270
365
362
421
433
80
332
226
203
468
63
388
87
4
306
197
423
394
147
225
86
415
121
448
215
487
39
384
116
151
83
376
34
392
297
250
202
465
482
55
481
248
387
330
380
280
182
6
193
150
452
363
41
24
191
276
364
454
496
146
167
7
311
358
197
15
123
237
309
292
223
313
39
280
32
417
341
166
70
153
266
204
334
455
491
69
111
436
234
173
253
200
152
469
390
37
142
459
89
143
431
152
488
150
357
86
471
465
335
123
214
29
53
362
38
211
14
358
240
457
104
80
273
106
259
135
152
159
484
267
385
195
212
28
81
277
453
466
435
399
143
274
285
26
265
166
268
95
216
271
221
30
176
36
144
208
34
322
381
144
6
134
311
177
4
63
277
423
185
270
397
69
372
268
470
233
209
285
58
449
81
197
414
399
478
288
440
490
21
317
207
315
490
31
31
223
407
22
377
34
461
174
388
356
432
282
327
139
240
397
226
104
43
208
399
267
100
346
489
238
58
464
248
424
500
404
164
73
329
36
259
221
329
135
462
53
156
222
60
257
353
388
184
458
309
314
216
368
336
313
423
384
489
445
79
452
23
12
168
207
61
492
465
252
301
217
174
420
265
39
426
202
438
113
379
429
499
113
237
175
223
61
472
207
442
157
177
389
45
84
60
213
2
121
414
386
188
346
352
143
15
102
283
382
82
265
304
423
420
33
194
490
77
420
78
449
206
454
130
109
442
71
227
403
50
144
283
75
395
161
12
102
340
160
79
22
101
145
455
229
475
216
11
179
207
256
408
146
74
474
154
351
69
78
85
129
123
43
425
261
180
414
4
411
20
152
235
473
315
38
164
304
312
437
72
248
151
439
210
386
95
163
327
211
259
336
477
316
152
287
110
154
97
148
150
68
364
98
468
436
2
135
28
476
254
208
442
150
155
62
425
382
409
124
234
144
168
344
313
17
383
345
466
436
85
347
383
428
291
426
459
340
286
115
75
135
319
395
298
458
464
287
401
171
200
7
272
47
361
434
320
138
207
31
59
484
85
409
80
423
490
453
20
412
288
57
309
230
460
201
253
85
168
197
174
415
229
191
299
482
192
417
195
72
325
200
83
313
186
376
185
133
202
488
254
349
450
493
36
413
265
180
264
63
177
193
344
111
265
358
425
15
305
442
72
283
299
321
135
313
130
428
206
465
112
334
264
26
170
149
24
111
491
452
324
401
291
262
203
344
195
111
256
26
49
179
228
353
103
426
335
249
336
289
69
432
157
121
24
355
11
159
499
155
285
140
90
145
35
437
442
446
303
62
285
338
108
255
312
314
371
328
344
423
457
396
272
170
131
152
44
498
145
483
372
456
440
226
160
49
306
244
431
380
2
288
26
234
283
406
421
295
234
451
139
494
1
319
108
84
137
69
302
187
56
44
306
169
461
114
414
208
121
233
352
352
85
109
4
124
239
94
17
475
12
418
104
407
119
205
242
260
490
197
268
434
478
365
79
195
16
57
154
173
253
347
63
251
311
291
348
152
474
64
428
440
330
479
405
165
253
141
382
201
390
400
61
471
327
216
106
257
243
330
250
236
304
486
155
141
290
468
393
459
38
420
346
110
179
70
283
263
288
404
300
356
499
30
154
304
409
245
268
332
7
423
404
228
409
256
324
461
468
282
24
482
139
226
434
361
211
366
113
411
500
116
260
490
286
500
97
273
133
143
392
60
463
269
440
46
6
251
70
500
47
354
6
462
468
466
201
314
167
61
452
445
442
70
319
101
238
420
310
157
498
209
141
56
48
385
226
382
407
479
14
219
355
464
490
231
388
429
318
28
26
406
105
476
177
175
118
98
181
218
365
462
444
430
43
369
471
73
168
211
159
494
205
301
139
336
340
209
18
411
469
53
266
44
356
12
490
112
151
404
325
168
368
198
229
448
426
258
51
152
197
412
171
221
314
38
82
367
197
23
151
43
411
132
210
442
67
92
117
27
466
450
220
420
229
359
20
211
12
179
426
34
426
367
191
418
370
355
39
268
107
447
152
106
174
126
129
131
281
18
238
359
292
251
282
191
485
32
275
464
460
339
476
239
373
495
374
123
486
359
423
197
468
32
317
479
337
281
201
467
367
203
36
186
249
201
494
34
234
234
47
129
218
252
269
417
340
223
422
104
44
70
464
126
300
18
66
249
500
223
221
481
363
324
259
147
479
417
468
398
166
371
390
114
142
119
136
190
483
67
238
112
128
451
241
100
369
300
10
17
146
200
153
455
254
18
394
123
287
270
213
230
365
213
262
235
110
337
401
262
34
430
285
465
231
102
246
344
465
499
442
102
244
186
106
102
282
261
390
370
5
424
335
366
61
474
17
91
327
465
61
12
52
10
48
54
314
287
14
147
230
168
454
303
121
374
185
466
92
392
208
58
400
70
224
324
241
272
317
126
190
243
230
249
56
477
299
124
281
381
337
486
219
341
8
127
287
180
346
350
494
3
65
140
360
336
228
77
183
431
120
217
230
54
301
145
287
164
296
132
445
222
397
480
230
142
294
261
193
457
156
105
334
287
168
319
465
378
165
464
35
91
232
467
165
488
168
96
185
412
450
23
48
75
48
423
196
229
135
216
448
95
60
172
208
466
359
498
127
291
388
451
159
462
184
223
50
377
482
343
172
466
96
417
47
85
33
291
250
255
414
227
110
106
109
123
79
413
411
385
451
288
242
7
231
109
22
485
223
81
193
416
346
245
393
185
427
87
32
326
495
61
84
471
104
269
64
209
21
152
54
376
492
384
104
452
206
472
469
304
41
151
86
415
153
27
101
481
418
220
113
13
453
261
392
398
432
449
264
500
178
398
438
145
429
4
95
186
454
103
299
467
13
288
473
232
97
201
293
92
227
397
299
196
188
249
451
437
67
141
191
500
121
236
399
147
401
195
48
403
376
441
72
426
148
479
442
408
463
97
439
146
80
472
298
64
486
134
76
108
45
317
272
500
205
292
416
287
407
170
47
251
219
66
127
190
322
228
211
454
460
137
239
351
178
177
252
192
82
240
148
363
173
234
231
400
145
300
309
421
277
97
256
378
393
5
295
354
209
240
447
434
318
416
34
388
440
128
286
254
202
410
128
103
307
255
208
322
451
432
364
98
109
86
177
331
390
210
168
433
82
98
101
263
396
132
291
185
285
187
80
282
86
137
109
21
189
470
41
28
383
153
147
136
95
335
204
418
5
153
151
3
292
441
381
362
147
47
5
6
83
121
300
192
151
93
318
92
37
83
15
286
483
237
111
388
111
218
3
197
190
458
82
467
312
168
433
242
457
111
371
129
323
185
439
12
82
125
276
130
432
61
193
279
441
31
398
389
293
106
132
442
41
398
453
290
196
432
419
307
101
117
324
289
207
452
415
374
314
493
261
438
481
75
93
356
277
289
179
177
25
400
408
29
280
483
437
499
400
363
457
316
450
265
244
322
113
481
340
134
391
224
449
88
82
355
11
410
267
195
375
148
370
44
472
318
232
35
32
74
438
372
118
273
233
124
383
401
223
32
112
133
208
60
179
89
212
325
193
152
76
466
142
269
304
210
316
51
258
49
244
133
89
124
452
432
71
393
6
115
70
293
478
208
45
454
460
456
339
407
481
314
172
271
349
123
353
188
223
241
56
396
115
320
449
318
316
67
110
392
165
58
475
231
208
494
117
321
453
16
259
412
416
441
445
22
84
188
146
29
357
106
204
239
60
217
389
173
378
314
238
293
36
124
297
262
413
178
203
375
101
25
49
276
354
489
15
362
87
144
149
236
113
36
192
393
296
197
22
379
330
275
90
122
1
292
391
305
167
252
326
480
330
21
327
179
359
217
247
233
198
413
474
173
482
398
425
380
273
252
247
448
2
446
340
474
296
392
36
397
480
441
406
60
104
377
446
395
441
137
377
78
209
113
363
79
288
84
164
124
338
187
191
494
303
275
367
107
477
139
32
7
127
202
300
310
266
386
108
38
373
443
317
202
174
262
277
415
318
356
184
489
452
120
268
83
399
140
343
84
336
348
281
338
320
372
321
244
472
440
329
26
483
63
372
208
383
6
346
238
300
113
138
4
203
169
339
388
175
322
114
38
173
182
60
225
272
131
423
311
54
451
323
464
220
460
301
334
418
322
179
184
59
36
111
187
128
232
149
307
303
159
322
288
348
273
215
242
389
328
344
192
300
114
386
365
214
106
401
346
261
10
109
77
187
496
368
64
289
468
433
363
66
159
94
260
153
215
132
138
106
37
401
124
84
196
194
491
271
76
68
97
488
38
393
482
87
494
398
9
369
407
462
170
162
397
242
381
488
418
272
286
336
303
46
101
486
70
491
357
344
477
233
87
334
137
345
145
456
349
179
165
272
66
321
454
459
263
73
267
39
191
191
458
146
488
371
490
302
7
170
246
118
348
484
28
499
302
290
171
245
143
255
192
106
468
348
105
125
334
443
147
38
229
129
269
205
33
58
380
415
44
323
63
433
83
187
324
42
248
466
199
20
263
348
413
371
155
155
409
391
429
493
400
454
497
486
500
8
120
385
31
96
500
334
99
364
14
429
310
223
356
259
94
13
114
415
300
74
9
141
60
388
394
113
460
167
499
148
374
386
53
276
493
370
12
491
139
141
236
167
286
231
181
34
43
413
130
388
96
238
388
137
452
61
243
322
384
279
118
36
14
499
495
251
457
20
456
200
228
151
382
424
483
191
192
67
415
221
165
107
125
159
59
271
77
160
389
255
283
88
121
165
267
392
33
83
315
257
418
381
495
70
23
149
494
12
259
12
384
121
37
154
75
422
114
307
289
272
248
417
167
144
348
126
387
420
88
162
149
93
380
380
212
297
184
301
176
104
12
199
393
482
104
487
484
409
53
7
372
71
319
293
312
213
203
387
349
176
24
10
200
211
52
120
180
288
493
250
487
237
307
151
319
187
65
485
491
469
321
10
4
270
29
371
276
38
164
206
26
173
151
18
201
398
337
496
166
232
437
487
120
477
18
368
397
426
440
172
248
416
479
448
100
448
352
345
56
332
152
405
270
485
228
434
3
297
464
448
220
35
441
35
303
120
495
109
429
50
241
97
360
21
356
286
368
147
349
66
25
54
407
304
279
241
302
118
477
125
189
418
114
345
295
417
176
34
292
290
384
339
344
490
437
429
302
232
194
29
304
426
360
84
250
495
10
296
85
15
146
361
5
288
436
482
418
315
10
206
209
391
349
261
385
3
170
379
224
25
241
27
369
453
347
296
368
414
106
152
455
122
362
473
389
284
111
300
281
320
400
63
161
112
220
152
240
468
74
52
55
237
261
292
287
16
246
332
491
488
150
384
439
90
109
296
489
330
269
140
443
149
261
103
456
271
141
204
233
319
221
108
20
20
24
262
82
300
126
19
31
48
98
122
5
332
393
294
106
27
288
63
98
185
23
114
186
347
453
255
57
492
63
83
161
358
430
349
50
12
161
139
158
21
222
473
421
33
103
27
378
218
472
400
111
301
204
342
284
122
202
401
349
341
269
402
352
140
178
214
210
392
126
153
117
154
364
379
15
259
473
465
393
84
85
468
273
492
188
231
93
80
466
280
495
119
6
183
55
304
463
459
103
337
381
196
227
92
379
172
154
26
362
284
162
44
137
300
475
435
193
490
370
156
385
26
18
92
365
201
423
395
368
89
143
122
413
309
457
217
451
433
250
23
54
352
415
103
361
406
379
142
69
18
82
144
118
105
251
386
219
410
93
184
482
74
293
395
262
417
196
278
203
58
172
250
11
122
2
46
404
124
221
223
387
130
259
251
414
458
189
464
88
365
332
54
233
15
175
112
158
457
449
216
477
188
51
259
32
450
45
413
232
175
139
90
350
392
144
382
461
8
296
282
448
419
207
165
179
348
159
260
198
472
67
127
200
302
384
480
20
219
76
124
107
210
129
330
393
326
320
167
449
164
313
48
309
42
47
357
493
183
486
26
90
315
7
140
57
332
229
47
226
263
290
408
486
380
91
478
225
460
108
236
241
69
290
333
39
256
322
293
283
227
162
227
455
147
73
217
81
152
164
77
429
458
82
212
344
281
160
34
207
496
170
14
240
438
315
451
124
311
30
55
241
65
210
263
339
374
470
16
459
34
26
406
131
11
315
119
192
413
258
324
107
403
247
361
153
17
176
429
461
88
208
2
89
373
195
463
477
350
133
349
86
40
273
443
124
451
10
328
49
22
217
161
318
96
181
416
279
19
294
28
333
88
392
317
55
248
337
452
455
29
189
298
128
24
158
267
62
8
224
374
248
229
73
24
313
124
361
55
426
320
433
9
412
71
223
152
213
275
58
292
423
319
267
50
285
9
168
412
75
135
24
61
313
17
226
381
310
281
119
398
313
160
456
54
218
279
4
118
41
156
20
384
382
251
65
142
80
425
19
339
91
25
71
30
472
466
32
344
206
16
210
374
391
376
245
490
465
333
85
412
268
101
415
170
487
282
477
496
43
302
82
209
9
290
64
55
6
203
36
459
111
209
333
308
416
209
190
485
401
59
247
45
94
42
30
490
122
314
370
